# Insira um número de processo do SEI por linha. Linhas vazias ou iniciadas com '#' serão desconsideradas.
# Ordenar processo - Descendente pag 1-30
# ----------------------------------
202600004063896
202600004063854
202600004063837
202600004063789
202600004063754
202600004063751
202600004063742
202600004063736
202600004063730
202600004063726
202600004063569
202600004063527
202600004063526
202600004063523
202600004063499
202600004063489
202600004063469
202600004063444
202600004063439
202600004063438
202600004063435
202600004063434
202600004063431
202600004063429
202600004063422
202600004063420
202600004063418
202600004063416
202600004063414
202600004063411
202600004063409
202600004063408
202600004063403
202600004063398
202600004063395
202600004063393
202600004063392
202600004063387
202600004063385
202600004063381
202600004063379
202600004063378
202600004063375
202600004063376
202600004063371
202600004063369
202600004063368
202600004063364
202600004063363
202600004063356
202600004063349
202600004063322
202600004063320
202600004063317
202600004063310
202600004063309
202600004063308
202600004063302
202600004063295
202600004063292
202600004063288
202600004063287
202600004063280
202600004063276
202600004063263
202600005022618
202600004063247
202600004063245
202600004063234
202600004063228
202600004063210
202600004063069
202600004063063
202600004063061
202600004063059
202600004063055
202600004063053
202600004063051
202600004063050
202600004063049
202600004063047
202600004063048
202600004063042
202600004063041
202600004063039
202600004063035
202600004063033
202600004063029
202600004063025
202600004063019
202600004063018
202600004063014
202600004063010
202600004063007
202600004063006
202600004062996
202600004062985
202600004062970
202600004062963
202600004062903
202600004062900
202600004062898
202600004062891
202600004062887
202600004062886
202600004062875
202600004062874
202600004062871
202600004062868
202600004062845
202600004062829
202600004062822
202600004062812
202600004062794
202600004062793
202600004062791
202600004062786
202600004062783
202600004062782
202600004062780
202600004062776
202600004062756
202600004062752
202600004062751
202600004062750
202600004062744
202600004062740
202600004062736
202600004062733
202600004062731
202600004062727
202600004062726
202600004062725
202600004062720
202600004062716
202600004062713
202600004062709
202600004062707
202600004062705
202600004062690
202600004062684
202600004062680
202600004062627
202600004062626
202600004062620
202600004062618
202600004062611
202600004062609
202600004062608
202600004062606
202600004062603
202600004062579
202600004062577
202600004062574
202600004062547
202600004062516
202600004062508
202600004062506
202600004062501
202600004062500
202600004062497
202600004062491
202600004062487
202600004062484
202600004062478
202600004062474
202600004062471
202600004062459
202600004062451
202600004062450
202600004062448
202600004062438
202600004062430
202600004062426
202600004062424
202600004062418
202600004062417
202600004062416
202600004062411
202600004062404
202600004062403
202600004062399
202600004062392
202600004062390
202600004062388
202600004062363
202600004062361
202600004062360
202600004062359
202600004062358
202600004062356
202600004062348
202600004062347
202600004062339
202600004062337
202600004062301
202600004062297
202600004062285
202600004062261
202600004062254
202600004062252
202600004062243
202600004062234
202600004062226
202600004062210
202600004062124
202600004062121
202600004062077
202600004062075
202600004062074
202600004062070
202600004062046
202600004062038
202600004062035
202600004062031
202600004062011
202600003011297
202600004062000
202600004061987
202600004061981
202600004061978
202600004061976
202600004061973
202600004061972
202600004061964
202600004061960
202600004061956
202600004061950
202600004061946
202600004061939
202600004061936
202600004061933
202600004061918
202600004061892
202600004061884
202600004061882
202600004061822
202600004061817
202600004061809
202600004061806
202600004061790
202600004061780
202600004061769
202600004061764
202600004061702
202600004061700
202600004061686
202600004061682
202600004061678
202600004061670
202600004061664
202600004061662
202600004061654
202600004061647
202600004061620
202600004061596
202600004061543
202600004061537
202600004061428
202600004061402
202600004061401
202600004061398
202600004061397
202600004061396
202600004061393
202600004061392
202600004061391
202600004061390
202600004061389
202600004061383
202600004061326
202600004061306
202600004061293
202600004061290
202600004061288
202600004061274
202600004061271
202600004061270
202600004061267
202600004061264
202600004061261
202600004061259
202600004061255
202600004061253
202600004061250
202600004061247
202600004061245
202600004061242
202600004061231
202600004061221
202600004061150
202600004061136
202600004061131
202600004061122
202600004061117
202600004061112
202600004061111
202600004061106
202600004061097
202600004061091
202600004061074
202600004061066
202600004061060
202600004061006
202600004060998
202600004060996
202600004060994
202600004060992
202600004060990
202600004060989
202600004060983
202600004060979
202600003011071
202600004060975
202600004060972
202600004060967
202600004060965
202600004060808
202600004060806
202600004060804
202600004060798
202600004060796
202600004060720
202600004060718
202600004060713
202600004060697
202600004060692
202600004060687
202600004060686
202600004060683
202600004060672
202600004060667
202600004060663
202600004060654
202600004060648
202600004060647
202600004060645
202600004060633
202600004060629
202600004060623
202600004060583
202600004060563
202600004060555
202600004060530
202600004060525
202600004060521
202600004060514
202600004060504
202600004060498
202600004060458
202600004060378
202600004060353
202600004060345
202600004060341
202600004060336
202600004060327
202600004060320
202600004060316
202600004060309
202600004060303
202600004060297
202600004060292
202600004060291
202600004060285
202600004060280
202600004060274
202600004060271
202600004060257
202600004060247
202600004060242
202600004060239
202600004060234
202600004060207
202600004060192
202600004060187
202600004060112
202600004060110
202600004060090
202600004060067
202600004060063
202600004060055
202600004060033
202600004060024
202600004060004
202600004059982
202600004059979
202600004059975
202600004059963
202600004059960
202600004059958
202600004059947
202600004059931
202600004059927
202600004059924
202600004059921
202600004059910
202600004059903
202600004059891
202600004059875
202600004059872
202600004059865
202600004059861
202600004059847
202600004059843
202600004059842
202600004059835
202600004059833
202600004059825
202600004059822
202600004059804
202600004059781
202600004059779
202600004059774
202600004059769
202600004059765
202600004059731
202600004059682
202600004059676
202600004059674
202600004059668
202600004059661
202600004059659
202600004059651
202600004059645
202600004059642
202600004059638
202600004059628
202600004059626
202600004059622
202600004059611
202600004059601
202600004059599
202600004059594
202600004059591
202600004059588
202600004059587
202600004059584
202600004059582
202600004059581
202600004059579
202600004059578
202600004059577
202600004059576
202600004059575
202600004059570
202600004059554
202600004059550
202600004059541
202600004059540
202600004059531
202600004059529
202600004059526
202600004059483
202600004059470
202600004059463
202600004059455
202600004059443
202600004059436
202600004059427
202600004059421
202600004059417
202600004059407
202600004059391
202600004059379
202600004059278
202600004059272
202600004059268
202600004059264
202600004059259
202600004059255
202600004059250
202600004059245
202600004059243
202600004059213
202600004059197
202600004059196
202600004059191
202600004059187
202600004059183
202600004059180
202600004059172
202600004059166
202600004059161
202600004059154
202600004059153
202600004059149
202600004059145
202600004059143
202600004059142
202600004059141
202600004059135
202600004059134
202600004059133
202600004059128
202600004059127
202600004059122
202600004059120
202600004059115
202600004059112
202600004059109
202600004059107
202600004059100
202600004059099
202600004059093
202600004059090
202600004059089
202600004059083
202600004059079
202600004059064
202600004059059
202600004059054
202600004059047
202600004059044
202600004059039
202600004059035
202600004059034
202600004059026
202600004059024
202600004059020
202600004059013
202600004059004
202600004059001
202600004058994
202600004058991
202600004058987
202600004058980
202600004058971
202600004058964
202600004058934
202600004058891
202600004058883
202600004058876
202600004058865
202600004058821
202600004058814
202600004058792
202600004058788
202600004058785
202600004058781
202600004058764
202600004058756
202600004058752
202600004058750
202600004058711
202600004058708
202600004058702
202600004058694
202600004058693
202600004058691
202600004058689
202600004058688
202600004058687
202600004058685
202600004058672
202600004058667
202600004058665
202600004058663
202600004058660
202600004058659
202600004058656
202600004058655
202600004058654
202600004058653
202600004058652
202600004058646
202600004058572
202600004058568
202600004058553
202600004058547
202600004058403
202600004058402
202600004058393
202600004058388
202600004058387
202600004058379
202600004058375
202600004058374
202600004058372
202600004058326
202600004058267
202600004058260
202600004058257
202600004058247
202600004058232
202600004058230
202600004058217
202600004058216
202600004058211
202600004058206
202600004058204
202600004058201
202600004058200
202600004058197
202600004058177
202600004058174
202600004058173
202600004058171
202600004058167
202600004058166
202600004058165
202600004058162
202600004058160
202600004058158
202600004058156
202600004058142
202600004058108
202600004058098
202600004058097
202600004058093
202600004058085
202600004058081
202600004058062
202600004058053
202600004058050
202600004057890
202600004057884
202600004057877
202600004057873
202600004057864
202600004057860
202600004057857
202600004057852
202600004057822
202600004057816
202600004057799
202600004057796
202600004057788
202600004057780
202600004057775
202600004057768
202600004057767
202600004057763
202600004057761
202600004057757
202600004057754
202600004057753
202600004057751
202600004057749
202600004057748
202600004057746
202600004057745
202600004057743
202600004057741
202600004057740
202600004057707
202600004057703
202600004057684
202600004057682
202600004057667
202600004057666
202600004057659
202600004057657
202600004057654
202600004057651
202600004057647
202600004057644
202600004057643
202600004057633
202600004057618
202600004057613
202600004057608
202600004057604
202600004057598
202600004057550
202600004057544
202600004057539
202600004057535
202600004057514
202600004057452
202600004057448
202600004057446
202600004057440
202600004057437
202600004057429
202600004057425
202600004057418
202600004057414
202600004057413
202600004057411
202600004057389
202600004057379
202600004057263
202600004057256
202600004057252
202600004057250
202600004057245
202600004057230
202600004057226
202600004057202
202600004057201
202600004057196
202600004057184
202600004057015
202600004057013
202600004057009
202600004057007
202600004057004
202600004056992
202600004056984
202600004056976
202600004056970
202600004056959
202600004056946
202600004056944
202600004056935
202600004056928
202600004056924
202600004056920
202600004056882
202600004056875
202600004056825
202600004056815
202600004056812
202600004056809
202600004056808
202600004056804
202600004056728
202600004056724
202600004056703
202600004056700
202600004056687
202600004056591
202600004056588
202600004056586
202600004056570
202600004056561
202600004056553
202600004056543
202600004056534
202600004056528
202600004056513
202600004056510
202600004056501
202600004056497
202600004056495
202600004056484
202600004056404
202600004056402
202600004056398
202600004056382
202600004056378
202600004056361
202600004056359
202600004056357
202600004056356
202600004056355
202600004056354
202600004056353
202600004056352
202600004056349
202600004056348
202600004056345
202600004056236
202600004056221
202600003009954
202600004056091
202600004056082
202600004056078
202600004056059
202600004056057
202600004056055
202600004056054
202600004056049
202600004056041
202600004056028
202600004056019
202600004056008
202600004056007
202600004055997
202600004055990
202600004055963
202600004055957
202600004055949
202600004055942
202600004055940
202600004055928
202600004055920
202600004055913
202600004055905
202600004055897
202600004055889
202600004055886
202600004055877
202600004055870
202600004055868
202600004055867
202600004055865
202600004055864
202600004055861
202600004055856
202600004055853
202600004055851
202600004055850
202600004055844
202600004055842
202600004055840
202600004055839
202600004055835
202600004055832
202600004055828
202600004055821
202600004055812
202600004055809
202600004055797
202600004055793
202600004055784
202600004055774
202600004055768
202600004055752
202600004055746
202600004055740
202600004055733
202600004055720
202600004055715
202600004055713
202600004055704
202600004055700
202600004055693
202600004055685
202600004055676
202600004055669
202600004055665
202600004055531
202600004055526
202600004055487
202600004055470
202600004055464
202600004055449
202600004055444
202600004055440
202600004055437
202600004055435
202600004055429
202600004055426
202600004055423
202600004055422
202600004055416
202600004055413
202600004055409
202600004055408
202600004055407
202600004055405
202600004055403
202600004055401
202600004055392
202600004055390
202600004055382
202600004055381
202600004055379
202600004055376
202600004055374
202600004055369
202600004055354
202600004055347
202600004055250
202600004055220
202600004055213
202600004055212
202600004055208
202600004055203
202600004055201
202600004055117
202600004055100
202600004055093
202600004055090
202600004055067
202600004055055
202600004055042
202600004055033
202600004054997
202600004054991
202600004054918
202600004054914
202600004054658
202600004054652
202600004054641
202600004054638
202600004054621
202600004054608
202600004054601
202600004054594
202600004054590
202600004054588
202600004054581
202600004054576
202600004054570
202600004054565
202600004054561
202600004054556
202600004054548
202600004054544
202600004054539
202600004054537
202600004054532
202600004054530
202600004054528
202600004054522
202600004054511
202600004054502
# ------------------------------------
# Pag 31-70
202600004054502
202600004054497
202600004054490
202600004054485
202600004054481
202600004054479
202600004054477
202600004054474
202600004054475
202600004054472
202600004054470
202600004054469
202600004054467
202600004054452
202600004054449
202600004054445
202600004054441
202600004054440
202600004054438
202600004054437
202600004054433
202600004054430
202600004054427
202600004054426
202600004054424
202600004054422
202600004054384
202600004054380
202600004054371
202600004054356
202600004054352
202600004054346
202600004054342
202600004054339
202600004054326
202600004054323
202600004054320
202600004054317
202600004054308
202600004054281
202600004054268
202600004054266
202600004054265
202600004054261
202600004054256
202600004054244
202600004054237
202600004054235
202600004054175
202600004054171
202600004054169
202600004054167
202600004054161
202600004054150
202600004054105
202600003009586
202600004054077
202600004054074
202600004054072
202600004054050
202600004054029
202600004054007
202600004053997
202600004053993
202600004053990
202600004053980
202600004053962
202600004053946
202600004053804
202600004053801
202600004053797
202600004053781
202600004053776
202600004053773
202600004053768
202600004053744
202600004053725
202600003009513
202600004053721
202600004053579
202600004053576
202600004053570
202600004053567
202600004053560
202600004053551
202600004053541
202600004053537
202600004053534
202600004053515
202600004053509
202600004053507
202600004053505
202600004053503
202600004053497
202600004053495
202600004053490
202600004053485
202600004053480
202600004053476
202600004053473
202600004053459
202600004053457
202600004053398
202600004053395
202600004053360
202600004053350
202600004053342
202600004053339
202600004053334
202600004053325
202600004053317
202600004053312
202600004053267
202600004053266
202600004053261
202600004053257
202600004053167
202600004053160
202600004053158
202600004053157
202600004053154
202600004053151
202600004053143
202600004053140
202600004053138
202600004053134
202600004053125
202600004053121
202600004053105
202600004053096
202600004053075
202600004053072
202600004053060
202600004053056
202600004053030
202600004053010
202600004052990
202600004052985
202600004052980
202600004052978
202600004052974
202600004052956
202600004052952
202600004052950
202600004052949
202600004052945
202600004052937
202600004052924
202600004052921
202600004052919
202600004052911
202600004052908
202600004052905
202600004052903
202600004052892
202600004052887
202600004052881
202600004052876
202600004052874
202600004052871
202600004052861
202600004052838
202600004052831
202600004052823
202600004052806
202600004052797
202600004052721
202600004052717
202600004052671
202600004052666
202600004052663
202600004052656
202600004052655
202600004052653
202600004052652
202600004052649
202600004052647
202600004052646
202600004052644
202600004052638
202600004052637
202600004052636
202600004052631
202600004052630
202600004052625
202600004052622
202600004052598
202600004052591
202600004052588
202600004052581
202600004052576
202600004052574
202600004052566
202600004052556
202600004052507
202600004052492
202600004052484
202600004052472
202600004052467
202600004052454
202600004052453
202600004052446
202600004052442
202600004052434
202600004052433
202600004052426
202600004052414
202600004052412
202600004052407
202600004052406
202600004052398
202600004052395
202600004052356
202600004052243
202600004052237
202600004052232
202600004052221
202600004052206
202600004052156
202600004052139
202600004052095
202600004052079
202600004052073
202600004052060
202600004052016
202600004052009
202600004052006
202600004052000
202600004051991
202600004051985
202600004051962
202600004051954
202600004051850
202600004051846
202600004051831
202600004051822
202600004051801
202600004051780
202600004051770
202600004051762
202600004051761
202600004051758
202600004051747
202600004051738
202600004051714
202600004051693
202600004051669
202600004051667
202600004051872
202600004051842
202600004051834
202600004051830
202600004051790
202600004051757
202600004051756
202600004051755
202600004051753
202600004051750
202600004051742
202600004051741
202600004051735
202600004051729
202600004051723
202600004051716
202600004051712
202600004051707
202600004051695
202600004051689
202600004051660
202600004051644
202600004051643
202600004051614
202600004051611
202600004051602
202600004051597
202600004051596
202600004051587
202600004051582
202600004051578
202600004051573
202600004051569
202600004051567
202600004051566
202600004051562
202600004051560
202600004051477
202600004051476
202600004051455
202600004051453
202600004051449
202600004051432
202600004051381
202600004051380
202600004051377
202600004051363
202600004051361
202600004051359
202600004051349
202600004051347
202600004051342
202600004051314
202600004051310
202600004051307
202600004051305
202600004051301
202600004051293
202600004051290
202600004051287
202600004051286
202600004051283
202600004051277
202600004051260
202600004051174
202600004051172
202600004051166
202600004051158
202600004051132
202600004051075
202600004051069
202600004051067
202600004051065
202600004051062
202600004051043
202600004051000
202600004050973
202600004050972
202600004050931
202600004050924
202600004050919
202600004050909
202600004050907
202600004050903
202600004050895
202600004050891
202600004050876
202600004050856
202600004050855
202600004050854
202600004050853
202600004050845
202600004050844
202600004050838
202600004050836
202600004050835
202600004050833
202600004050831
202600004050830
202600004050820
202600004050812
202600004050811
202600004050809
202600004050807
202600004050798
202600004050792
202600004050789
202600004050783
202600004050660
202600004050648
202600004050562
202600004050544
202600004050500
202600004050487
202600004050476
202600004050472
202600004050463
202600004050441
202600004050434
202600004050427
202600004050422
202600004050418
202600004050409
202600004050397
202600004050386
202600004050381
202600004050378
202600004050371
202600004050364
202600004050360
202600004050350
202600004050351
202600004050342
202600004050339
202600004050332
202600004050325
202600004050321
202600004050316
202600004050307
202600004050303
202600004050299
202600004050294
202600004050293
202600004050290
202600004050226
202600004050196
202600004050171
202600004050167
202600004050153
202600004050141
202600004050135
202600004050103
202600004049925
202600004049923
202600004049922
202600004049920
202600004049918
202600004049915
202600004049916
202600004049913
202600004049879
202600004049872
202600004049866
202600004049851
202600004049845
202600004049837
202600004049830
202600004049824
202600004049813
202600004049804
202600004049796
202600004049791
202600004049776
202600004049773
202600004049762
202600004049739
202600004049738
202600004049733
202600004049731
202600004049727
202600004049726
202600004049724
202600004049722
202600004049718
202600004049712
202600004049711
202600004049705
202600004049704
202600004049698
202600004049671
202600004049667
202600004049663
202600004049659
202600004049656
202600004049645
202600004049620
202600004049609
202600004049583
202600004049571
202600004049565
202600004049553
202600004049537
202600004049526
202600004049519
202600004049507
202600004049499
202600004049489
202600004049464
202600004049457
202600004049454
202600004049428
202600004049220
202600004049206
202600004049205
202600004049203
202600004049199
202600004049185
202600004049182
202600004049179
202600004049176
202600004049174
202600004049173
202600004049170
202600004049165
202600004049164
202600004049161
202600004049159
202600004049155
202600004049136
202600004049132
202600004049119
202600004049117
202600004049101
202600004049020
202600004048941
202600004048856
202600004048853
202600004048849
202600004048847
202600004048846
202600004048827
202600004048823
202600004048810
202600004048772
202600004048764
202600004048761
202600004048747
202600004048740
202600004048736
202600004048733
202600004048732
202600004048730
202600004048726
202600004048717
202600004048719
202600004048716
202600004048711
202600004048704
202600004048700
202600004048688
202600004048680
202600004048670
202600004048667
202600004048666
202600004048655
202600004048616
202600004048609
202600004048607
202600004048605
202600004048602
202600004048547
202600004048526
202600004048524
202600004048520
202600004048519
202600004048517
202600004048504
202600004048503
202600004048496
202600004048494
202600004048490
202600004048446
202600004048431
202600004048426
202600004048420
202600004048415
202600004048412
202600004048286
202600004048284
202600004048271
202600004048263
202600004048240
202600004048233
202600004048218
202600004048212
202600004048205
202600004048171
202600004048161
202600004048139
202600004048113
202600004048102
202600004048099
202600004048084
202600004048044
202600004048021
202600004048011
202600004048001
202600004047992
202600004047972
202600004047937
202600004047930
202600004047925
202600004047868
202600004047851
202600004047773
202600004047772
202600004047771
202600004047769
202600004047768
202600004047765
202600004047763
202600004047761
202600004047758
202600004047756
202600004047753
202600004047749
202600004047743
202600004047739
202600004047734
202600004047717
202600004047703
202600004047652
202600004047633
202600004047629
202600004047623
202600004047606
202600004047598
202600004047595
202600004047587
202600004047577
202600004047557
202600004047554
202600004047551
202600004047548
202600004047540
202600004047532
202600004047531
202600004047528
202600004047525
202600004047521
202600004047516
202600004047512
202600004047505
202600004047503
202600004047501
202600004047493
202600004047491
202600004047485
202600004047480
202600004047478
202600004047473
202600004047472
202600004047467
202600004047462
202600004047460
202600004047456
202600004047454
202600004047447
202600004047443
202600004047393
202600004047387
202600004047380
202600004047374
202600004047370
202600004047367
202600004047361
202600004047355
202600004047339
202600004047331
202600004047072
202600004047071
202600004047063
202600004047059
202600004047050
202600004046974
202600004046933
202600004046920
202600004046897
202600004046869
202600004046845
202600004046837
202600004046830
202600004046810
202600004046805
202600004046786
202600004046781
202600004046778
202600004046773
202600004046771
202600004046767
202600004046764
202600004046760
202600004046754
202600004046750
202600004046748
202600004046437
202600004046415
202600004046397
202600004046394
202600004046381
202600004046361
202600004046346
202600004046332
202600004046328
202600004046323
202600004046307
202600004046301
202600004046297
202600004046295
202600004046290
202600004046289
202600004046286
202600004046276
202600004046268
202600004046263
202600004046261
202600004046258
202600004046255
202600004046254
202600004046252
202600004046248
202600004046243
202600005017524
202600004046233
202600004046226
202600004046204
202600004046199
202600004046197
202600004046195
202600004046194
202600004046190
202600004046183
202600004046180
202600004046179
202600004046167
202600004046166
202600004046162
202600004046161
202600004046158
202600004046155
202600004046152
202600004046149
202600004045987
202600004045985
202600004045984
202600004045983
202600004045982
202600004045981
202600004045980
202600004045979
202600004045974
202600004045972
202600004045965
202600004045874
202600004045861
202600004045848
202600004045845
202600004045841
202600004045836
202600004045817
202600004045780
202600004045762
202600004045746
202600004045741
202600004045736
202600004045733
202600004045730
202600004045728
202600004045723
202600004045720
202600004045719
202600004045715
202600004045708
202600004045706
202600004045670
202600004045661
202600004045658
202600004045654
202600004045655
202600004045650
202600004045648
202600004045646
202600004045643
202600004045637
202600004045614
202600004045583
202600004045569
202600004045564
202600004045557
202600004045483
202600004045383
202600004045380
202600004045367
202600004045334
202600004045308
202600004045277
202600004045267
202600004045260
202600004045246
202600004045239
202600004045219
202600004045190
202600004045188
202600004045181
202600004045176
202600004045173
202600004045164
202600004045161
202600004045135
202600004045131
202600004045126
202600004045123
202600004045118
202600004045105
202600004045101
202600004045098
202600004045089
202600004045086
202600004045081
202600004045054
202600004045041
202600004044855
202600004044852
202600004044854
202600004044851
202600004044850
202600004044849
202600004044848
202600004044847
202600004044841
202600004044840
202600004044806
202600004044782
202600004044773
202600004044760
202600004044753
202600004044745
202600004044740
202600004044730
202600004044701
202600004044659
202600004044610
202600004044606
202600004044602
202600004044598
202600004044597
202600004044593
202600004044590
202600004044532
202600004044523
202600004044521
202600004044451
202600004044311
202600004044296
202600004044294
202600004044292
202600004044284
202600004044239
202600004044200
202600004044191
202600004044181
202600004044173
202600004044164
202600004044160
202600004044155
202600004044153
202600004044136
202600004044126
202600004044111
202600004044104
202600004044102
202600004044085
202600004044083
202600004043963
202600004043962
202600004043955
202600004043947
202600004043946
202600004043936
202600004043927
202600004043923
202600004043914
202600004043905
202600004043898
202600004043891
202600004043884
202600004043787
202600004043759
202600004043746
202600004043738
202600004043730
202600004043728
202600004043724
202600004043720
202600004043710
202600004043704
202600004043681
202600004043673
202600004043634
202600004043629
202600004043620
202600004043613
202600004043611
202600004043571
202600004043568
202600004043561
202600004043555
202600004043516
202600004043507
202600004043500
202600004043495
202600004043480
202600004043376
202600004043373
202600004043365
202600004043348
202600004043340
202600004043337
202600004043335
202600004043330
202600004043326
202600004043324
202600004043313
202600004043309
202600004043302
202600004043299
202600004043294
202600004043273
202600004043257
202600004043254
202600004043253
202600004043249
202600004043243
202600004043236
202600004043234
202600004043233
202600004043229
202600004043227
202600004043225
202600004043215
202600004043214
202600004043213
202600004043208
202600004043204
202600004043202
202600004043196
202600004043192
202600004043190
202600004043189
202600004043184
202600004043183
202600004043176
202600004043167
202600004043156
202600004043151
202600004043149
202600004043144
202600004043140
202600004043134
202600004043090
202600004043085
202600004043081
202600004043079
202600004043074
202600004043067
202600004043063
202600004043061
202600004043059
202600004043054
202600004043052
202600004043050
202600004043045
202600004043043
202600004043038
202600004043032
202600004043030
202600004043019
202600004043017
202600004043013
202600004043010
202600004043008
202600004043004
202600004043003
202600004043000
202600004042996
202600004042991
202600004042983
202600004042923
202600004042889
202600004042868
202600004042865
202600004042861
202600004042858
202600004042833
202600004042829
202600004042793
202600004042790
202600004042786
202600004042785
202600004042769
202600004042764
202600004042751
202600004042735
202600004042700
202600004042691
202600004042679
202600004042654
202600004042632
202600004042630
202600004042615
202600004042599
202600004042598
202600004042591
202600004042581
202600004042572
202600004042560
202600004042554
202600004042498
202600004042495
202600004042492
202600004042490
202600004042489
202600004042480
202600004042474
202600004042393
202600004042392
202600004042364
202600004042360
202600004042357
202600004042350
202600004042342
202600004042336
202600004042307
202600004042306
202600004042284
202600004042271
202600004042259
202600004042255
202600004042254
202600004042247
202600004042237
202600004042236
202600004042232
202600004042228
202600004042227
202600004042223
202600004042219
202600004042217
202600004042214
202600004042212
202600004042210
202600004042194
202600004042187
202600004042180
202600004042119
202600004042114
202600004042108
202600004042102
202600004042091
202600004042003
202600004041945
202600004041849
202600004041848
202600004041847
202600004041845
202600004041841
202600004041838
202600004041835
202600004041826
202600004041820
202600004041817
202600004041816
202600004041795
202600004041791
202600004041781
202600004041774
202600004041768
202600004041764
202600004041763
202600004041760
202600004041758
202600004041755
202600004041751
202600004041747
202600004041743
202600004041740
202600004041736
202600004041728
202600005016004
202600004041723
202600004041718
202600004041715
202600004041707
202600004041699
202600004041694
202600004041682
202600004041679
202600004041630
202600004041620
202600004041618
202600004041610
202600004041607
202600004041603
202600004041602
202600004041601
202600004041599
202600004041593
202600004041580
202600004041579
202600004041568
202600004041557
202600004041554
202600004041549
202600004041542
202600004041531
202600004041505
202600004041495
202600004041493
202600004041485
202600004041483
202600004041466
202600004041461
202600004041455
202600004041454
202600004041451
202600004041450
202600004041447
202600004041446
202600004041437
202600004041436
202600004041431
202600004041420
202600004041411
202600004041373
202600004041370
202600004041361
202600004041355
202600004041222
202600004041220
202600004041219
202600004041214
202600004041213
202600004041210
202600004041211
202600004041208
202600004041204
202600004041203
202600004041198
202600004041194
202600004041188
202600004041170
202600004041126
202600004041124
202600004041123
202600004041119
202600004041114
202600004041084
202600004041077
202600004041066
202600004041043
202600004041033
202600004041026
202600004041018
202600004040983
202600004040978
202600004040970
202600004040960
202600004040946
202600004040944
202600004040934
202600004040931
202600004040924
202600004040905
202600004040899
202600004040898
202600004040895
202600004040887
202600004040859
202600004040842
202600004040780
202600004040768
202600004040743
202600004040737
202600004040730
202600004040726
202600004040717
202600004040714
202600004040696
202600004040658
202600004040637
202600004040603
202600004040594
202600004040592
202600004040578
202600004040571
202600004040555
202600004040547
202600004040544
202600004040536
202600004040528
202600004040527
202600004040522
202600004040520
202600004040516
202600004040514
202600004040512
202600004040510
202600004040199
202600004040190
202600004040185
202600004040161
202600004040127
202600004040122
202600004040118
202600004040116
202600004040107
202600004040101
202600004040098
202600004040094
202600004040075
202600004040062
202600004040060
202600004040057
202600004040047
202600004040034
202600004040026
202600004040021
202600004040018
202600004040008
202600004040006
202600004040005
202600004040002
202600004039999
202600004039998
202600004039997
202600004039995
202600004039990
202600004039987
202600004039986
202600004039983
# -----------------------------
# Pag 71-102
202600004039980
202600004039967
202600004039966
202600004039965
202600004039964
202600004039960
202600004039959
202600004039957
202600004039955
202600004039954
202600004039953
202600004039951
202600004039948
202600004039941
202600004039937
202600004039930
202600004039919
202600004039915
202600004039904
202600004039899
202600004039890
202600004039864
202600004039858
202600004039849
202600004039821
202600004039815
202600004039702
202600004039701
202600004039699
202600004039698
202600004039697
202600004039696
202600004039695
202600004039694
202600004039684
202600004039675
202600004039672
202600004039667
202600004039665
202600004039661
202600004039658
202600004039656
202600004039652
202600004039648
202600004039611
202600004039605
202600004039583
202600004039581
202600004039567
202600004039555
202600004039550
202600004039536
202600004039532
202600004039518
202600004039519
202600004039503
202600004039497
202600004039495
202600004039490
202600004039489
202600004039486
202600004039484
202600004039480
202600004039466
202600004039464
202600004039392
202600004039387
202600004039382
202600004039376
202600004039370
202600004039359
202600004039335
202600004039326
202600004039319
202600004039312
202600004039222
202600004039208
202600004039201
202600004039193
202600004039192
202600004039184
202600004039182
202600004039162
202600004039161
202600004039153
202600004039135
202600004039133
202600004039128
202600004039090
202600004039084
202600004039076
202600004039072
202600004039068
202600004039064
202600004039050
202600004039044
202600004039042
202600004039036
202600004039031
202600004039027
202600004039026
202600004039025
202600004039022
202600004039020
202600004038982
202600004038972
202600004038927
202600004038917
202600004038897
202600004038891
202600004038869
202600004038864
202600004038859
202600003006654
202600004038849
202600004038848
202600004038840
202600004038838
202600004038831
202600004038822
202600004038817
202600004038815
202600004038813
202600004038811
202600004038810
202600004038804
202600004038797
202600004038796
202600004038794
202600004038792
202600004038786
202600004038783
202600004038776
202600004038703
202600004038696
202600004038695
202600004038693
202600004038691
202600004038688
202600004038685
202600004038680
202600004038657
202600004038635
202600004038619
202600004038609
202600004038601
202600004038589
202600004038576
202600004038547
202600004038538
202600004038536
202600004038526
202600004038523
202600004038516
202600004038513
202600004038511
202600004038491
202600004038429
202600004038420
202600004038409
202600004038348
202600004038342
202600004038331
202600004038328
202600004038312
202600004038291
202600004038282
202600004038280
202600004038277
202600004038267
202600004038189
202600004038172
202600004038135
202600004038116
202600004038108
202600004038106
202600004038098
202600004038097
202600004038084
202600004038083
202600004038079
202600004038075
202600004038068
202600004038058
202600004038045
202600004038041
202600004038036
202600004038031
202600004038029
202600004038019
202600004038010
202600004038003
202600004037964
202600004037945
202600004037917
202600004037913
202600004037900
202600004037883
202600004037873
202600004037869
202600004037861
202600004037765
202600004037755
202600004037750
202600004037742
202600004037541
202600004037468
202600004037456
202600004037452
202600004037447
202600004037440
202600004037428
202600004037426
202600004037421
202600004037402
202600004037397
202600004037389
202600004037363
202600004037341
202600004037340
202600004037336
202600004037332
202600004037329
202600004037327
202600004037318
202600004037305
202600004037303
202600004037301
202600004037300
202600004037298
202600004037296
202600004037294
202600004037293
202600004037290
202600004037286
202600004037284
202600004037276
202600004037271
202600004037266
202600004037264
202600004037260
202600004037259
202600004037241
202600004037225
202600004037223
202600004037218
202600004037214
202600004037212
202600004037209
202600004037202
202600004037195
202600004037188
202600004037181
202600004037176
202600004037172
202600004037158
202600004037159
202600004037153
202600004037149
202600004037143
202600004037142
202600004037138
202600004037135
202600004037128
202600004037117
202600004037068
202600004037066
202600004037057
202600004037039
202600004036977
202600004036965
202600004036953
202600004036878
202600004036875
202600004036874
202600004036872
202600004036867
202600004036864
202600004036860
202600004036859
202600004036856
202600004036855
202600004036851
202600004036848
202600004036843
202600004036840
202600004036838
202600004036837
202600004036833
202600004036803
202600004036802
202600004036797
202600004036790
202600004036600
202600004036581
202600004036576
202600003006203
202600004036548
202600004036537
202600004036499
202600004036450
202600004036429
202600004036421
202600004036409
202600004036398
202600004036392
202600004036377
202600004036370
202600004036369
202600004036367
202600004036358
202600004036353
202600004036341
202600004036340
202600004036333
202600004036331
202600004036329
202600004036322
202600004036318
202600004036311
202600004036296
202600004036291
202600004036287
202600004036284
202600004036283
202600004036281
202600004036279
202600004036278
202600004036275
202600004036274
202600004036242
202600004036222
202600004036216
202600004036210
202600004036202
202600004036195
202600004036154
202600004036151
202600004036147
202600004036143
202600004036139
202600004036137
202600004036131
202600004036130
202600004036127
202600004036124
202600004036122
202600004036117
202600004036105
202600004036097
202600004036088
202600004036086
202600004036081
202600004036077
202600004036072
202600004036061
202600004036054
202600004035998
202600004035983
202600004035900
202600004035894
202600004035891
202600004035882
202600004035879
202600004035878
202600004035874
202600004035868
202600004035858
202600004035844
202600004035839
202600004035835
202600004035828
202600004035826
202600004035817
202600004035810
202600004035800
202600004035796
202600004035790
202600004035789
202600004035782
202600004035780
202600004035770
202600004035765
202600004035757
202600004035748
202600005014315
202600004035745
202600004035737
202600004035732
202600004035725
202600004035719
202600004035712
202600004035711
202600004035705
202600004035703
202600004035702
202600004035699
202600005014303
202600004035695
202600004035675
202600004035671
202600004035668
202600004035667
202600004035664
202600004035663
202600004035653
202600004035650
202600004035643
202600004035634
202600004035629
202600004035627
202600004035623
202600004035615
202600004035611
202600004035596
202600005014251
202600004035572
202600004035558
202600004035403
202600004035400
202600004035399
202600004035395
202600004035393
202600004035387
202600004035385
202600004035336
202600004035332
202600004035331
202600004035318
202600004035314
202600004035310
202600004035307
202600004035291
202600004035275
202600004035268
202600004035263
202600004035259
202600004035235
202600004035232
202600004035231
202600004035224
202600004035218
202600004035213
202600004035210
202600004035206
202600004035205
202600004035204
202600004035199
202600004035196
202600004035192
202600004035190
202600004035189
202600004035183
202600004035181
202600004035179
202600004035176
202600004035175
202600004035174
202600004035171
202600004035170
202600004035157
202600004035156
202600004035153
202600004035148
202600004035147
202600004035136
202600004035130
202600004035120
202600004035113
202600004035036
202600004035026
202600004035023
202600004035019
202600004035000
202600004034995
202600004034931
202600004034924
202600004034919
202600004034906
202600004034893
202600004034887
202600004034883
202600004034870
202600004034864
202600004034852
202600004034844
202600004034841
202600004034835
202600004034832
202600004034831
202600004034823
202600004034822
202600004034818
202600004034816
202600004034812
202600004034808
202600004034804
202600004034799
202600004034793
202600004034789
202600004034787
202600004034783
202600004034777
202600004034776
202600004034757
202600004034756
202600004034753
202600004034749
202600004034738
202600004034731
202600004034728
202600004034640
202600004034635
202600004034613
202600004034610
202600004034603
202600004034579
202600004034571
202600004034564
202600004034561
202600004034553
202600004034550
202600004034547
202600004034544
202600004034541
202600004034537
202600004034529
202600004034525
202600004034523
202600004034518
202600004034508
202600004034474
202600004034470
202600004034451
202600004034432
202600004034390
202600004034384
202600004034371
202600004034364
202600004034359
202600004034357
202600004034348
202600004034294
202600004034292
202600004034289
202600004034288
202600004034286
202600004034280
202600004034274
202600004034266
202600004034257
202600004034253
202600004034247
202600004034233
202600004034221
202600004034215
202600004034212
202600004034205
202600004034200
202600004034196
202600004034193
202600004034186
202600004034184
202600004034182
202600004034181
202600004034169
202600004034167
202600004034165
202600004034162
202600004034161
202600004034160
202600004034159
202600004034156
202600004034105
202600004034090
202600004034086
202600004034081
202600004034070
202600004034046
202600004034004
202600004033973
202600004033946
202600004033935
202600004033910
202600004033842
202600004033841
202600004033839
202600004033833
202600004033830
202600004033824
202600004033818
202600004033805
202600004033797
202600004033793
202600004033787
202600004033783
202600004033778
202600004033763
202600004033758
202600004033756
202600004033702
202600004033693
202600004033691
202600004033680
202600004033618
202600004033616
202600004033614
202600004033613
202600004033612
202600004033610
202600004033609
202600004033608
202600004033606
202600004033604
202600004033603
202600004033602
202600004033601
202600004033600
202600004033597
202600004033595
202600004033594
202600004033593
202600004033592
202600004033590
202600004033585
202600004033576
202600004033557
202600004033553
202600004033552
202600004033549
202600004033545
202600004033532
202600004033523
202600004033486
202600004033467
202600004033463
202600004033458
202600004033340
202600004033323
202600004033316
202600004033290
202600004033269
202600004033237
202600004033198
202600004033179
202600004033159
202600004033063
202600004033052
202600004033043
202600004033038
202600004033016
202600004033006
202600004032988
202600004032967
202600004032963
202600004032955
202600004032953
202600004032947
202600004032937
202600004032856
202600004032853
202600004032823
202600004032749
202600004032728
202600004032718
202600004032715
202600004032708
202600004032700
202600004032695
202600004032690
202600004032679
202600004032669
202600004032664
202600004032654
202600004032641
202600004032630
202600004032629
202600004032625
202600004032622
202600004032613
202600004032564
202600004032557
202600004032499
202600004032476
202600004032466
202600004032463
202600004032453
202600004032449
202600004032445
202600004032437
202600004032426
202600004032418
202600004032413
202600004032403
202600004032224
202600004032213
202600004032190
202600004032189
202600004032183
202600004032179
202600004032164
202600004032162
202600004032144
202600004032139
202600004032135
202600004032125
202600004032123
202600004032117
202600004032099
202600004032094
202600004032093
202600004032089
202600004032088
202600004032082
202600004032075
202600004032066
202600004032031
202600004031997
202600004031987
202600004031983
202600004031979
202600004031976
202600004031968
202600004031963
202600004031956
202600004031953
202600004031951
202600004031946
202600004031940
202600004031917
202600004031894
202600004031884
202600004031877
202600004031753
202600004031752
202600004031751
202600004031750
202600004031748
202600004031747
202600004031746
202600004031734
202600004031733
202600004031732
202600004031730
202600004031724
202600004031716
202600004031685
202600004031680
202600004031676
202600004031672
202600004031668
202600004031652
202600004031618
202600004031606
202600004031539
202600004031524
202600004031520
202600004031460
202600004031211
202600004031210
202600004031209
202600004031202
202600004031199
202600004031183
202600004031179
202600004031170
202600004031153
202600004031125
202600004031119
202600004031113
202600004031097
202600004031093
202600004031091
202600004031089
202600004031083
202600004031078
202600004031072
202600004031055
202600004031038
202600004031030
202600004031015
202600004031012
202600004031009
202600004031007
202600004031006
202600004031004
202600004031002
202600004030996
202600004030995
202600004030994
202600004030990
202600004030988
202600004030987
202600004030986
202600004030984
202600004030975
202600004030965
202600004030940
202600004030937
202600004030930
202600004030927
202600004030905
202600004030899
202600004030896
202600004030889
202600004030879
202600004030865
202600004030860
202600004030845
202600004030825
202600004030818
202600004030613
202600004030607
202600004030604
202600004030600
202600004030564
202600004030543
202600004030521
202600004030515
202600004030513
202600004030504
202600004030501
202600004030494
202600004030490
202600004030485
202600004030480
202600004030472
202600004030462
202600004030454
202600004030450
202600004030436
202600004030433
202600004030428
202600004030423
202600004030421
202600004030420
202600004030419
202600004030414
202600004030413
202600004030334
202600004030325
202600004030320
202600004030313
202600004030305
202600004030296
202600004030277
202600004030272
202600004030263
202600004030037
202600004030026
202600004030015
202600004030009
202600004029990
202600004029926
202600004029919
202600004029915
202600004029910
202600004029901
202600004029894
202600004029882
202600004028717
202600004028666
202600005011931
202600004026519
202600004026468
202600004026453
202600004026425
202600004026387
202600004026383
202600004026038
202600004026034
202600004026020
202600004025930
202600004025270
202600004023963
202600004023411
202600004021547
202600004020343
202600004019968
202600004019076
202600004018724
202600004018721
202600004018715
202600004018379
202600004018357
202600004018345
202600004018339
202600004018336
202600004018332
202600004018273
202600004017651
202600004017149
202600004016600
202600004012843
202600004012275
202600004012232
202600004012196
202600004012184
202600004012178
202600004009937
202600004006901
202600004002596
202600004001258
202500004112964
202500004099930
202500004092118
202500004090312
202500004083389
202500004081019
202500004072323
202500004057910
202500004053702
202500004042818
202500004032409
202500004025174
202500004017479
202500004013988
202400004096174
202400004077946
202400004074133
202400004072131
202400004069801
202400004054850
202400004048080
202400004038515
202400004035769
202400004014545
202400004002315
202300004108966
202200006068896
202200004005921
202100004123842
202100004097569
202100004048004
202000004014516